3 15 1 
4.18608 15.9613 1.52339 
5.36478 17.208 2.26543 
6.56268 18.7128 3.26329 
7.80094 20.4422 4.56542 
9.09507 22.3515 6.22987 
10.454 24.3774 8.32101 
11.8785 26.4315 10.9039 
13.3596 28.3928 14.0349 
14.8757 30.1043 17.7473 
16.3906 31.374 22.033 
17.8522 31.9865 26.8206 
19.1924 31.7272 31.9569 
20.3308 30.4203 37.1987 
21.1817 27.9758 42.2253 
21.6649 24.4306 46.6776 
21.7184 19.9681 50.2209 
21.3099 14.8998 52.6137 
20.4443 9.61154 53.7599 
19.1629 4.48741 53.7225 
17.5368 -0.159329 52.6964 
15.655 -4.128 50.953 
13.6111 -7.33706 48.7793 
11.4927 -9.80324 46.4306 
9.37405 -11.6076 44.1049 
7.31281 -12.8622 41.9369 
5.35016 -13.684 40.0052 
3.51264 -14.1795 38.345 
1.81498 -14.4368 36.962 
0.263053 -14.5243 35.8432 
-1.14338 -14.492 34.9652 
-2.40855 -14.3744 34.3 
-3.53898 -14.1945 33.8185 
-4.54228 -13.9661 33.4917 
-5.42638 -13.6975 33.2922 
-6.19902 -13.3927 33.1944 
-6.86746 -13.054 33.1747 
-7.43847 -12.6824 33.2111 
-7.91823 -12.2792 33.2838 
-8.31252 -11.8464 33.3749 
-8.62678 -11.3868 33.4683 
-8.86625 -10.9044 33.5503 
-9.03614 -10.4045 33.6091 
-9.14167 -9.89289 33.6354 
-9.18819 -9.37644 33.622 
-9.18118 -8.86215 33.564 
-9.12629 -8.35708 33.4586 
-9.02928 -7.86799 33.3049 
-8.89598 -7.40103 33.1037 
-8.73222 -6.96159 32.8571 
-8.54374 -6.55409 32.5683 
-8.33611 -6.18195 32.2415 
-8.11463 -5.84758 31.881 
-7.8843 -5.55241 31.4918 
-7.64972 -5.29703 31.0786 
-7.41508 -5.08123 30.6462 
-7.18412 -4.90423 30.1992 
-6.96012 -4.76477 29.7416 
-6.74592 -4.66122 29.2774 
-6.54391 -4.59179 28.8101 
-6.3561 -4.55455 28.3428 
-6.18409 -4.54757 27.8784 
-6.02917 -4.56898 27.4192 
-5.89233 -4.61704 26.9677 
-5.77432 -4.69014 26.5257 
-5.67564 -4.78686 26.0952 
-5.59665 -4.90598 25.6779 
-5.53755 -5.04647 25.2754 
-5.49845 -5.20748 24.8893 
-5.47936 -5.38835 24.5211 
-5.48023 -5.58857 24.1725 
-5.50099 -5.80775 23.845 
-5.54154 -6.04562 23.5403 
-5.60177 -6.30196 23.2602 
-5.68154 -6.57659 23.0065 
-5.78073 -6.86931 22.7812 
-5.89921 -7.17986 22.5864 
-6.03681 -7.50788 22.4244 
-6.19335 -7.85282 22.2977 
-6.36862 -8.2139 22.2088 
-6.5623 -8.59003 22.1604 
-6.77401 -8.97976 22.1553 
-7.00325 -9.38115 22.1963 
-7.24934 -9.79173 22.2864 
-7.5114 -10.2084 22.4283 
-7.78832 -10.6274 22.6246 
-8.07869 -11.044 22.8777 
-8.38075 -11.453 23.1894 
-8.69236 -11.8481 23.5609 
-9.01097 -12.2223 23.9926 
-9.33353 -12.5676 24.4836 
-9.65654 -12.8758 25.0318 
-9.97597 -13.1379 25.6337 
-10.2874 -13.3449 26.2839 
-10.5858 -13.4881 26.9748 
-10.866 -13.5594 27.6974 
-11.1226 -13.5518 28.4403 
-11.35 -13.46 29.1906 
-11.5429 -13.2809 29.9339 
-11.696 -13.0138 30.6549 
-11.805 -12.6611 31.338 
-11.8661 -12.228 31.9679 
-11.8767 -11.7226 32.5306 
-11.835 -11.1558 33.0138 
-11.7409 -10.5404 33.4076 
-11.5955 -9.89094 33.7053 
-11.401 -9.22239 33.9031 
-11.1612 -8.54984 34.0004 
-10.8805 -7.88752 33.9995 
-10.5645 -7.24828 33.9055 
-10.2193 -6.64305 33.7254 
-9.85144 -6.08064 33.4676 
-9.46737 -5.56757 33.1417 
-9.0736 -5.10815 32.7576 
-8.67627 -4.70466 32.3249 
-8.28109 -4.35759 31.853 
-7.89318 -4.066 31.3505 
-7.51704 -3.82782 30.8252 
-7.1565 -3.64019 30.2841 
-6.81472 -3.49972 29.7329 
-6.49424 -3.40277 29.1769 
-6.19698 -3.34564 28.6201 
-5.92436 -3.32475 28.0662 
-5.6773 -3.33672 27.5181 
-5.45636 -3.3785 26.9782 
-5.26176 -3.44739 26.4485 
-5.09344 -3.54106 25.9309 
-4.95117 -3.65759 25.4267 
-4.83458 -3.79542 24.9374 
-4.74317 -3.95338 24.4641 
-4.67644 -4.13062 24.0081 
-4.63383 -4.32661 23.5704 
-4.61482 -4.54109 23.1524 
-4.61893 -4.77406 22.7552 
-4.64572 -5.0257 22.3803 
-4.69482 -5.29636 22.0291 
-4.76594 -5.58652 21.7033 
-4.85887 -5.89675 21.4047 
-4.97348 -6.22763 21.1354 
-5.10969 -6.57974 20.8978 
-5.2675 -6.95358 20.6942 
-5.44692 -7.3495 20.5276 
-5.64803 -7.76761 20.4011 
-5.87085 -8.20775 20.3182 
-6.1154 -8.66931 20.2825 
-6.38159 -9.15118 20.2982 
-6.66922 -9.6516 20.3694 
-6.9779 -10.168 20.5007 
-7.30697 -10.6968 20.6966 
-7.65549 -11.2336 20.9616 
-8.02206 -11.7723 21.3 
-8.40483 -12.3059 21.7155 
-8.80135 -12.8256 22.2112 
-9.20852 -13.3212 22.7889 
-9.62248 -13.7812 23.449 
-10.0386 -14.1926 24.1895 
-10.4513 -14.5415 25.0064 
-10.8544 -14.8135 25.8925 
-11.2407 -14.9943 26.8373 
-11.6024 -15.0707 27.8269 
-11.9315 -15.0311 28.844 
-12.2196 -14.867 29.8681 
-12.4583 -14.5737 30.8764 
-12.6402 -14.1511 31.8444 
-12.7585 -13.6045 32.7474 
-12.8079 -12.9441 33.5618 
-12.7849 -12.1857 34.2667 
-12.6879 -11.3489 34.8452 
-12.5177 -10.4567 35.2851 
-12.277 -9.53337 35.58 
-11.9709 -8.60353 35.729 
-11.6061 -7.69025 35.7366 
-11.1907 -6.81398 35.6117 
-10.7339 -5.99163 35.3669 
-10.2455 -5.23606 35.017 
-9.73528 -4.55602 34.5777 
-9.21276 -3.95635 34.0652 
-8.68684 -3.43843 33.4948 
-8.1656 -3.00081 32.8806 
-7.65605 -2.63986 32.2351 
-7.16416 -2.35042 31.5689 
-6.69474 -2.12636 30.8909 
-6.25156 -1.96112 30.2082 
-5.83742 -1.84808 29.5266 
-5.45419 -1.78082 28.8505 
-5.103 -1.75341 28.1831 
-4.78433 -1.76044 27.527 
-4.49813 -1.7972 26.884 
-4.24393 -1.8596 26.2553 
-4.02097 -1.94426 25.6418 
-3.82824 -2.04843 25.0442 
-3.66461 -2.16995 24.4631 
-3.5289 -2.30721 23.8987 
-3.41987 -2.45912 23.3514 
-3.33636 -2.62501 22.8216 
-3.27725 -2.80463 22.3096 
-3.24152 -2.99808 21.8157 
-3.22828 -3.20574 21.3406 
-3.23678 -3.42831 20.8848 
-3.26641 -3.66669 20.449 
-3.31672 -3.92201 20.034 
-3.3874 -4.19557 19.641 
-3.47833 -4.48883 19.2712 
-3.58953 -4.80335 18.926 
-3.72118 -5.14082 18.6073 
-3.87359 -5.50298 18.317 
-4.04723 -5.89157 18.0576 
-4.24267 -6.30833 17.8318 
-4.46061 -6.7549 17.643 
-4.7018 -7.23276 17.4948 
-4.96708 -7.74312 17.3916 
-5.25729 -8.28682 17.3382 
-5.57325 -8.86416 17.3401 
-5.9157 -9.47474 17.4036 
-6.28522 -10.1172 17.5353 
-6.68217 -10.7891 17.7427 
-7.10655 -11.4865 18.0336 
-7.55791 -12.2034 18.4162 
-8.03518 -12.9321 18.8988 
-8.53653 -13.6621 19.489 
-9.05919 -14.3803 20.194 
-9.59925 -15.0705 21.0189 
-10.1515 -15.7137 21.9667 
-10.7092 -16.2877 23.0368 
-11.2642 -16.7683 24.2241 
-11.8065 -17.1296 25.5179 
-12.3247 -17.3459 26.9011 
-12.8063 -17.3929 28.3496 
-13.2374 -17.2505 29.8324 
-13.6042 -16.9044 31.3123 
-13.8931 -16.3489 32.7474 
-14.0916 -15.5885 34.0938 
-14.1895 -14.6385 35.3085 
-14.1795 -13.5248 36.3531 
-14.058 -12.2827 37.1964 
-13.8252 -10.9538 37.8175 
-13.4858 -9.58322 38.2071 
-13.0481 -8.21521 38.3671 
-12.5236 -6.89038 38.3104 
-11.9265 -5.64282 38.0579 
-11.2722 -4.4985 37.6362 
-10.5771 -3.47473 37.0749 
-9.85694 -2.5805 36.4037 
-9.12655 -1.81754 35.651 
-8.39928 -1.18178 34.8419 
-7.68653 -0.664871 33.9978 
-6.99774 -0.255716 33.136 
-6.34026 0.0582651 32.2702 
-5.71954 0.290101 31.4104 
-5.13929 0.452514 30.5637 
-4.60167 0.557415 29.7351 
-4.10758 0.615588 28.9273 
-3.65683 0.636547 28.142 
-3.24845 0.628496 27.3799 
-2.88082 0.598369 26.6409 
-2.55187 0.551919 25.9244 
-2.25924 0.493832 25.2298 
-2.00039 0.427851 24.5562 
-1.77272 0.356905 23.9027 
-1.57361 0.283224 23.2684 
-1.40052 0.208454 22.6525 
-1.25102 0.133754 22.0542 
-1.12283 0.059882 21.4727 
-1.0138 -0.0127287 20.9074 
-0.921992 -0.0839076 20.3577 
-0.845625 -0.153694 19.8231 
-0.783106 -0.222292 19.3029 
-0.73302 -0.290038 18.7969 
-0.694123 -0.357374 18.3046 
-0.665337 -0.424821 17.8255 
-0.645738 -0.492969 17.3594 
-0.634548 -0.562465 16.9059 
-0.631131 -0.634003 16.4648 
-0.634974 -0.708323 16.0357 
-0.645691 -0.786212 15.6185 
-0.663005 -0.868501 15.2128 
-0.686752 -0.956074 14.8186 
-0.716865 -1.04987 14.4356 
-0.753381 -1.1509 14.0637 
-0.796428 -1.26023 13.7028 
-0.846232 -1.37903 13.3529 
-0.90311 -1.50856 13.014 
-0.967476 -1.65019 12.6861 
-1.03984 -1.8054 12.3694 
-1.12081 -1.97582 12.0641 
-1.2111 -2.16324 11.7704 
-1.31153 -2.36962 11.4889 
-1.42305 -2.59709 11.2201 
-1.54671 -2.84801 10.9647 
-1.68373 -3.12496 10.7237 
-1.83543 -3.43076 10.4984 
-2.00332 -3.76849 10.2903 
-2.18905 -4.14148 10.1013 
-2.39445 -4.55336 9.93379 
-2.62153 -5.00799 9.79065 
-2.8725 -5.5095 9.67551 
-3.14976 -6.0622 9.59276 
-3.45588 -6.67056 9.54775 
-3.79364 -7.33906 9.54698 
-4.16597 -8.07205 9.59827 
-4.57589 -8.87352 9.71105 
-5.02653 -9.74676 9.89649 
-5.52095 -10.694 10.1679 
-6.06206 -11.7156 10.5406 
-6.65242 -12.8096 11.0324 
-7.29402 -13.9706 11.6635 
-7.9879 -15.1885 12.4561 
-8.73378 -16.4474 13.4337 
-9.52954 -17.7237 14.6205 
-10.3706 -18.9849 16.039 
-11.2492 -20.1885 17.7081 
-12.1539 -21.2808 19.6388 
-13.0685 -22.198 21.831 
-13.9719 -22.8682 24.2675 
-14.8382 -23.2159 26.9103 
-15.6365 -23.1691 29.6967 
-16.3329 -22.6688 32.5388 
-16.8919 -21.6796 35.3266 
-17.2797 -20.1993 37.9365 
-17.4673 -18.265 40.2437 
-17.434 -15.9539 42.1381 
-17.1701 -13.3766 43.5382 
-16.6784 -10.6634 44.4031 
-15.9742 -7.94871 44.735 
-15.0836 -5.35385 44.5767 
-14.0406 -2.97503 44.0007 
-12.8837 -0.876614 43.0968 
-11.6521 0.909402 41.9589 
-10.3832 2.37913 40.6744 
-9.10979 3.54999 39.3177 
-7.85939 4.45316 37.9473 
-6.65345 5.12696 36.6054 
-5.50761 5.61158 35.32 
-4.43227 5.9456 34.1074 
-3.43333 6.16384 32.9753 
-2.51305 6.29647 31.9252 
-1.67083 6.36876 30.9549 
-0.90394 6.40138 30.0597 
-0.20816 6.41089 29.234 
0.421735 6.41034 28.4719 
0.991568 6.40986 27.7677 
1.50745 6.41719 27.1165 
1.97556 6.43817 26.5137 
2.40196 6.47714 25.9557 
2.7925 6.53726 25.4397 
3.15271 6.62075 24.9634 
3.48777 6.72914 24.5254 
3.80252 6.86337 24.1246 
4.10135 7.02398 23.7606 
4.38832 7.21112 23.4336 
4.66707 7.42466 23.144 
4.94087 7.66421 22.8926 
5.21264 7.9291 22.6808 
5.48495 8.21839 22.5102 
5.76001 8.53086 22.3825 
6.03969 8.86494 22.3 
6.32551 9.21867 22.2648 
6.61865 9.58961 22.2796 
6.91991 9.97481 22.3468 
7.2297 10.3707 22.4691 
7.54804 10.773 22.6488 
7.87447 11.1767 22.8881 
8.2081 11.576 23.1888 
8.54749 11.9642 23.552 
8.89068 12.3337 23.9779 
9.23516 12.6765 24.4658 
9.57781 12.9835 25.0135 
9.91497 13.2454 25.6173 
10.2424 13.4528 26.2716 
10.5554 13.5965 26.9691 
10.8489 13.6678 27.7001 
11.1174 13.6593 28.4532 
11.3554 13.5654 29.215 
11.5576 13.3826 29.9707 
11.7188 13.1101 30.7046 
11.8344 12.75 31.4004 
11.9008 12.3075 32.0426 
11.9151 11.791 32.6163 
11.8757 11.2116 33.109 
11.7824 10.5823 33.5105 
11.6363 9.91815 33.8136 
11.4398 9.23458 34.0145 
11.1967 8.54712 34.1127 
10.9116 7.87044 34.1105 
10.5904 7.21771 34.0131 
10.2393 6.60019 33.828 
9.86486 6.02684 33.5638 
9.47392 5.50429 33.2303 
9.0731 5.03688 32.8378 
8.66871 4.62683 32.3963 
8.26658 4.27455 31.9153 
7.87195 3.97894 31.4036 
7.48939 3.73778 30.8693 
7.12281 3.54803 30.3193 
6.77539 3.40614 29.7596 
6.4497 3.30831 29.1952 
6.14767 3.25069 28.6305 
5.87069 3.22958 28.069 
5.61968 3.24148 27.5136 
5.39516 3.28325 26.9667 
5.19731 3.35212 26.4303 
5.02606 3.44569 25.906 
4.88112 3.56201 25.3954 
4.76208 3.6995 24.8997 
4.66842 3.85695 24.4202 
4.59959 4.03351 23.9578 
4.55502 4.22867 23.5138 
4.53414 4.44216 23.0894 
4.53646 4.67401 22.6857 
4.56151 4.92443 22.304 
4.60893 5.19382 21.9459 
4.67841 5.48269 21.6129 
4.76973 5.79166 21.3068 
4.88276 6.1214 21.0297 
5.01745 6.47255 20.7838 
5.17379 6.84571 20.5717 
5.35186 7.24133 20.396 
5.55172 7.65966 20.2601 
5.77347 8.10066 20.1672 
6.01717 8.56389 20.1212 
6.28279 9.04841 20.1261 
6.57022 9.55265 20.1863 
6.87914 10.0742 20.3063 
7.20901 10.6099 20.4909 
7.55898 11.1553 20.7447 
7.92778 11.7047 21.0724 
8.31368 12.2511 21.478 
8.71438 12.786 21.9649 
9.12689 13.2993 22.5355 
9.54748 13.7793 23.1906 
9.9716 14.2131 23.9291 
10.3938 14.5863 24.7473 
10.8079 14.8842 25.6387 
11.2066 15.0918 26.5933 
11.5822 15.195 27.5978 
11.9263 15.1812 28.635 
12.2303 15.0409 29.6844 
12.4856 14.768 30.7228 
12.6842 14.3614 31.725 
12.8189 13.8253 32.6655 
12.8838 13.1695 33.5194 
12.875 12.409 34.2644 
12.7903 11.5637 34.8819 
12.6301 10.6568 35.3585 
12.3969 9.71352 35.6864 
12.0954 8.75946 35.8639 
11.7322 7.81894 35.8948 
11.3157 6.91368 35.7878 
10.8551 6.06182 35.5555 
10.3604 5.27731 35.2129 
9.84182 4.56974 34.7766 
9.30921 3.94461 34.2632 
8.77187 3.40369 33.6888 
8.23822 2.94572 33.0682 
7.71565 2.5671 32.4146 
7.2104 2.26252 31.739 
6.72758 2.02567 31.0509 
6.27117 1.8497 30.3578 
5.84411 1.72766 29.6655 
5.44841 1.65285 28.9788 
5.08527 1.619 28.3011 
4.75523 1.62045 27.6348 
4.45823 1.65218 26.9819 
4.1938 1.70991 26.3435 
3.96114 1.79004 25.7205 
3.7592 1.88963 25.1137 
3.58681 2.00637 24.5233 
3.44269 2.13854 23.9498 
3.32555 2.28492 23.3933 
3.23415 2.44476 22.8542 
3.16729 2.61772 22.3327 
3.12389 2.80383 21.8291 
3.10298 3.00343 21.3438 
3.10373 3.21716 20.8773 
3.12547 3.4459 20.4303 
3.16767 3.69074 20.0034 
3.22999 3.95297 19.5976 
3.31223 4.23405 19.2139 
3.41437 4.53555 18.8538 
3.53654 4.8592 18.5187 
3.67902 5.20678 18.2105 
3.84226 5.58014 17.9314 
4.02681 5.98112 17.6839 
4.23337 6.41155 17.471 
4.46273 6.87313 17.2962 
4.71575 7.36738 17.1634 
4.99336 7.89553 17.0773 
5.29649 8.45839 17.043 
5.62603 9.05617 17.0664 
5.98276 9.6883 17.1541 
6.3673 10.3532 17.3133 
6.78 11.048 17.5518 
7.22082 11.7682 17.8781 
7.68919 12.5072 18.3008 
8.18389 13.2564 18.8283 
8.70284 14.0041 19.4689 
9.24291 14.7359 20.2296 
9.79976 15.4341 21.1154 
10.3676 16.0778 22.1286 
10.9391 16.6432 23.2676 
11.5051 17.1042 24.5257 
12.055 17.4335 25.8899 
12.5765 17.6042 27.3402 
13.0559 17.5919 28.8493 
13.4788 17.377 30.3824 
13.8307 16.947 31.8988 
14.0976 16.2994 33.3535 
14.2673 15.4424 34.7003 
14.3299 14.3961 35.8953 
14.279 13.1916 36.9004 
14.1123 11.8688 37.6867 
13.8317 10.4734 38.2366 
13.4434 9.0528 38.5451 
12.9575 7.65264 38.619 
12.3873 6.31312 38.4758 
11.7481 5.06668 38.1404 
11.0566 3.93678 37.6426 
10.3297 2.93768 37.0139 
9.58345 2.07523 36.2854 
8.83272 1.34821 35.4853 
8.09056 0.749964 34.6385 
7.3679 0.270087 33.7654 
6.67357 -0.104072 32.8822 
6.01427 -0.38616 32.0013 
5.39477 -0.589862 31.1315 
4.81809 -0.72823 30.2789 
4.2858 -0.813255 29.4474 
3.79821 -0.855635 28.6392 
3.35467 -0.864684 27.8552 
2.95376 -0.848343 27.0955 
2.59352 -0.813261 26.3597 
2.27157 -0.764901 25.6472 
1.98533 -0.707679 24.9568 
1.73205 -0.645096 24.2877 
1.50898 -0.579871 23.6388 
1.31338 -0.514067 23.0092 
1.14263 -0.449199 22.3979 
0.994208 -0.386335 21.8041 
0.865766 -0.326181 21.227 
0.755122 -0.269157 20.6661 
0.660274 -0.215454 20.1206 
0.5794 -0.165088 19.59 
0.510859 -0.117942 19.0737 
0.453179 -0.0738015 18.5713 
0.405054 -0.0323799 18.0824 
0.365333 0.00665998 17.6066 
0.333007 0.043689 17.1433 
0.307199 0.0791 16.6924 
0.287155 0.113299 16.2535 
0.272231 0.1467 15.8261 
0.261884 0.179721 15.4101 
0.255662 0.212782 15.0051 
0.253198 0.246309 14.6108 
0.254199 0.280728 14.227 
0.258441 0.316477 13.8534 
0.265763 0.354 13.4897 
0.276064 0.393759 13.1357 
0.289295 0.436234 12.7912 
0.305461 0.481928 12.456 
0.324614 0.53138 12.1298 
0.346855 0.58516 11.8125 
0.372332 0.643888 11.5038 
0.401239 0.708235 11.2037 
0.43382 0.77893 10.9119 
0.470368 0.856778 10.6284 
0.511226 0.94266 10.3531 
0.556797 1.03755 10.0859 
0.607541 1.14253 9.82673 
0.663981 1.25879 9.57568 
0.726713 1.38766 9.33278 
0.796408 1.53062 9.09815 
0.873822 1.68931 8.872 
0.959805 1.86555 8.65461 
1.05531 2.06138 8.44639 
1.16139 2.27905 8.24785 
1.27926 2.52106 8.0597 
1.41022 2.79019 7.88284 
1.55577 3.08953 7.71841 
1.71755 3.42245 7.56787 
1.89739 3.79269 7.43304 
2.09732 4.20434 7.31621 
2.31958 4.66185 7.22026 
2.56664 5.17001 7.14872 
2.8412 5.73396 7.10601 
3.14621 6.35913 7.09757 
3.48489 7.05112 7.13008 
3.86064 7.81559 7.21175 
4.27712 8.65801 7.35258 
4.7381 9.58335 7.56467 
5.24745 10.5956 7.86256 
5.80897 11.6972 8.2636 
6.42622 12.888 8.78813 
7.10224 14.1644 9.45971 
7.8392 15.5177 10.305 
8.63793 16.9322 11.3531 
9.49728 18.3838 12.635 
10.4134 19.8369 14.181 
11.3788 21.2433 16.0181 
12.3814 22.5403 18.1658 
13.4037 23.6505 20.6301 
14.4217 24.4845 23.3969 
15.405 24.9456 26.4257 
16.3166 24.9396 29.6431 
17.115 24.3869 32.9418 
17.7563 23.238 36.1834 
18.1979 21.4875 39.2099 
18.4035 19.1835 41.8612 
18.3475 16.4282 43.997 
18.0186 13.3679 45.5185 
17.4219 10.1739 46.3823 
16.5785 7.01788 46.6046 
15.5232 4.04958 46.2537 
14.2995 1.38078 45.434 
12.9557 -0.921409 44.2668 
11.5396 -2.83236 42.8729 
10.095 -4.3619 41.359 
8.65952 -5.54361 39.8113 
7.26312 -6.42444 38.2931 
5.92825 -7.05621 36.8467 
4.67026 -7.48966 35.4971 
3.49845 -7.77085 34.2561 
2.41712 -7.93949 33.1261 
1.42674 -8.02852 32.1037 
0.524882 -8.06442 31.1821 
-0.292858 -8.068 30.3531 
-1.03222 -8.05526 29.6077 
-1.69972 -8.03826 28.9376 
-2.30225 -8.02591 28.3352 
-2.84676 -8.02461 27.7939 
-3.34005 -8.03886 27.3081 
-3.78863 -8.07161 26.8731 
-4.19861 -8.12468 26.4854 
-4.57564 -8.19897 26.142 
-4.92491 -8.29468 25.8408 
-5.25107 -8.41145 25.5804 
-5.55829 -8.54845 25.3597 
-5.85024 -8.70451 25.178 
-6.13013 -8.87808 25.0353 
-6.40067 -9.06733 24.9313 
-6.66415 -9.27015 24.8664 
-6.92241 -9.48414 24.8408 
-7.1769 -9.7066 24.8547 
-7.42863 -9.93456 24.9085 
-7.67823 -10.1648 25.0023 
-7.92595 -10.3937 25.136 
-8.17167 -10.6175 25.3091 
-8.41489 -10.8321 25.5211 
-8.65477 -11.0332 25.7705 
-8.89013 -11.2165 26.0557 
-9.11949 -11.3774 26.3743 
-9.34108 -11.5115 26.7231 
-9.55287 -11.6146 27.0983 
-9.75265 -11.6826 27.4952 
-9.93805 -11.712 27.9087 
-10.1066 -11.6999 28.3325 
-10.2559 -11.6442 28.7602 
-10.3835 -11.5437 29.1847 
-10.4872 -11.3983 29.5985 
-10.5651 -11.209 29.9943 
-10.6155 -10.9778 30.3649 
-10.6372 -10.7081 30.7034 
-10.6295 -10.4043 31.0036 
-10.5922 -10.0715 31.2601 
-10.5256 -9.71574 31.4687 
-10.4306 -9.3435 31.6262 
-10.3087 -8.96153 31.7307 
-10.1619 -8.57655 31.7815 
-9.99255 -8.19509 31.7791 
-9.80341 -7.82323 31.7251 
-9.59757 -7.46643 31.622 
-9.37829 -7.12943 31.473 
-9.14893 -6.81619 31.282 
-8.91286 -6.52979 31.0533 
-8.6734 -6.27255 30.7913 
-8.43372 -6.04597 30.5007 
-8.19681 -5.85091 30.1859 
-7.96542 -5.68761 29.8514 
-7.74203 -5.55581 29.5013 
-7.52886 -5.45488 29.1395 
-7.32783 -5.38388 28.7697 
-7.14057 -5.34167 28.3953 
-6.96846 -5.327 28.0191 
-6.81261 -5.33856 27.6442 
-6.67391 -5.37505 27.273 
-6.55303 -5.43519 26.9079 
-6.45048 -5.5178 26.5509 
-6.36659 -5.62178 26.2043 
-6.30157 -5.74614 25.8698 
-6.25552 -5.88997 25.5494 
-6.22845 -6.05248 25.2447 
-6.22029 -6.23297 24.9575 
-6.23094 -6.43078 24.6896 
-6.2602 -6.64531 24.4427 
-6.30788 -6.87597 24.2186 
-6.37373 -7.12215 24.0191 
-6.45746 -7.38319 23.8461 
-6.55876 -7.65835 23.7015 
-6.67725 -7.94672 23.5873 
-6.8125 -8.24725 23.5055 
-6.96402 -8.55863 23.458 
-7.13121 -8.87928 23.4471 
-7.31338 -9.20729 23.4746 
-7.50969 -9.54037 23.5425 
-7.71915 -9.8758 23.6525 
-7.94059 -10.2104 23.8061 
-8.17262 -10.5405 24.0047 
-8.41359 -10.862 24.2489 
-8.66162 -11.1701 24.5391 
-8.91451 -11.4597 24.8749 
-9.16978 -11.7254 25.2551 
-9.42464 -11.9612 25.6775 
-9.67601 -12.1611 26.139 
-9.9205 -12.3193 26.6352 
-10.1545 -12.4301 27.1607 
-10.3743 -12.4882 27.7086 
-10.576 -12.4892 28.2712 
-10.7557 -12.4299 28.8394 
-10.9096 -12.3083 29.4036 
-11.0343 -12.1238 29.9533 
-11.1266 -11.8779 30.4781 
-11.1838 -11.5737 30.9676 
-11.204 -11.2161 31.4122 
-11.1859 -10.8116 31.8029 
-11.1291 -10.3681 32.1325 
-11.034 -9.89488 32.3953 
-10.9019 -9.4015 32.5874 
-10.7348 -8.89799 32.7069 
-10.5356 -8.39416 32.7537 
-10.3077 -7.89929 32.7296 
-10.0553 -7.42174 32.6379 
-9.78253 -6.96878 32.4832 
-9.49407 -6.54637 32.2709 
-9.19454 -6.15913 32.0072 
-8.88849 -5.81036 31.6987 
-8.58033 -5.50212 31.3517 
-8.27417 -5.23533 30.9729 
-7.97376 -5.01002 30.5682 
-7.68247 -4.82541 30.1434 
-7.40325 -4.68017 29.7036 
-7.13862 -4.57253 29.2536 
-6.89067 -4.50049 28.7975 
-6.66109 -4.46189 28.3391 
-6.45121 -4.4546 27.8816 
-6.26205 -4.4765 27.4277 
-6.0943 -4.52564 26.9802 
-5.94843 -4.60024 26.5411 
-5.82472 -4.69871 26.1126 
-5.72324 -4.81969 25.6964 
-5.64398 -4.96204 25.2943 
-5.5868 -5.12483 24.908 
-5.55151 -5.30731 24.5391 
-5.53788 -5.50893 24.1891 
-5.54563 -5.72928 23.8597 
-5.57452 -5.96806 23.5526 
-5.62426 -6.22506 23.2696 
-5.69459 -6.50012 23.0124 
-5.78528 -6.79305 22.7832 
-5.89607 -7.10364 22.584 
-6.02671 -7.43157 22.4172 
-6.17695 -7.77637 22.2851 
-6.34649 -8.13731 22.1902 
-6.53499 -8.51341 22.1354 
-6.74202 -8.90329 22.1233 
-6.96704 -9.30514 22.1569 
-7.20938 -9.71659 22.2392 
-7.46816 -10.1347 22.3728 
-7.74227 -10.5557 22.5605 
-8.03034 -10.9753 22.8048 
-8.33064 -11.3882 23.1076 
-8.64109 -11.7883 23.4702 
-8.95917 -12.1686 23.8931 
-9.28191 -12.5215 24.3759 
-9.60585 -12.8385 24.9167 
-9.92705 -13.1109 25.5121 
-10.2411 -13.3295 26.1571 
-10.543 -13.4854 26.8446 
-10.8277 -13.5705 27.5656 
-11.0897 -13.5773 28.3092 
-11.3234 -13.5003 29.0626 
-11.5233 -13.3359 29.8116 
-11.6843 -13.0829 30.5409 
-11.8016 -12.7432 31.2348 
-11.8714 -12.3215 31.8778 
-11.8908 -11.8255 32.4555 
-11.858 -11.2658 32.9553 
-11.7724 -10.6549 33.3667 
-11.635 -10.0072 33.6824 
-11.4478 -9.33771 33.8981 
-11.2143 -8.66176 34.0126 
-10.939 -7.99383 34.0279 
-10.6272 -7.3471 33.9486 
-10.285 -6.73293 33.7815 
-9.91897 -6.16054 33.5349 
-9.53556 -5.63685 33.2183 
-9.14137 -5.16655 32.8416 
-8.74262 -4.75222 32.4146 
-8.34514 -4.39463 31.9468 
-7.95417 -4.09301 31.4471 
-7.57434 -3.84545 30.9233 
-7.2096 -3.64914 30.3825 
-6.86323 -3.50073 29.8309 
-6.53787 -3.39657 29.2737 
-6.23555 -3.33295 28.7151 
-5.95776 -3.3062 28.159 
-5.7055 -3.31291 27.6082 
-5.47938 -3.34992 27.0653 
-5.27965 -3.41447 26.5324 
-5.1063 -3.50415 26.0113 
-4.95912 -3.61696 25.5035 
-4.83773 -3.75128 25.0103 
-4.74166 -3.90587 24.533 
-4.67039 -4.07983 24.0727 
-4.62337 -4.27257 23.6306 
-4.60005 -4.4838 23.2079 
-4.59996 -4.71347 22.8058 
-4.62262 -4.96175 22.4257 
-4.66767 -5.22897 22.069 
-4.73479 -5.51561 21.7374 
-4.82377 -5.82222 21.4326 
-4.93444 -6.1494 21.1567 
-5.06674 -6.49777 20.9119 
-5.22065 -6.86784 20.7007 
-5.3962 -7.26001 20.5259 
-5.59344 -7.67449 20.3906 
-5.81242 -8.11118 20.2981 
-6.05318 -8.56958 20.2522 
-6.31567 -9.04872 20.2569 
-6.59972 -9.54699 20.3163 
-6.90498 -10.062 20.435 
-7.23088 -10.5904 20.6175 
-7.57654 -11.128 20.8685 
-7.94067 -11.669 21.1922 
-8.32153 -12.2066 21.5926 
-8.71681 -12.7323 22.073 
-9.12353 -13.2363 22.6356 
-9.538 -13.7072 23.281 
-9.95572 -14.1321 24.0079 
-10.3714 -14.4973 24.8128 
-10.7787 -14.7883 25.689 
-11.1708 -14.9907 26.6269 
-11.54 -15.0907 27.6131 
-11.8782 -15.0764 28.631 
-12.1769 -14.9383 29.6606 
-12.4277 -14.6708 30.6792 
-12.623 -14.2728 31.6625 
-12.7556 -13.7484 32.5856 
-12.8199 -13.107 33.4242 
-12.812 -12.3633 34.1568 
-12.7299 -11.5365 34.7652 
-12.5738 -10.6489 35.2363 
-12.3461 -9.72503 35.5623 
-12.0514 -8.78976 35.7412 
-11.6962 -7.86674 35.7767 
-11.2884 -6.97717 35.6768 
-10.8371 -6.13885 35.4536 
-10.352 -5.36556 35.1217 
-9.8431 -4.66689 34.6968 
-9.31995 -4.04845 34.1953 
-8.79171 -3.51223 33.6327 
-8.26666 -3.05726 33.0237 
-7.75208 -2.68023 32.3809 
-7.25417 -2.37617 31.7156 
-6.77799 -2.13903 31.037 
-6.32753 -1.96224 30.3525 
-5.90576 -1.83909 29.6682 
-5.51474 -1.76308 28.9888 
-5.15573 -1.72809 28.3176 
-4.82931 -1.72858 27.6574 
-4.53551 -1.75965 27.0101 
-4.27394 -1.81708 26.3769 
-4.04385 -1.89732 25.7589 
-3.84428 -1.99748 25.1567 
-3.6741 -2.11527 24.5709 
-3.5321 -2.24897 24.0018 
-3.41706 -2.39738 23.4498 
-3.32778 -2.55976 22.9151 
-3.2631 -2.73576 22.3981 
-3.22198 -2.92541 21.8992 
-3.20349 -3.12905 21.4189 
-3.20685 -3.34732 20.9576 
-3.2314 -3.58106 20.5161 
-3.27665 -3.83138 20.0951 
-3.34226 -4.09954 19.6958 
-3.42807 -4.38698 19.3191 
-3.53406 -4.69526 18.9667 
-3.66038 -5.02604 18.6401 
-3.80732 -5.38107 18.3412 
-3.9753 -5.76211 18.0724 
-4.16489 -6.17095 17.8364 
-4.37675 -6.60926 17.6363 
-4.61166 -7.07862 17.4756 
-4.87043 -7.58035 17.3586 
-5.15393 -8.11544 17.2899 
-5.46301 -8.68441 17.2749 
-5.79845 -9.28709 17.3196 
-6.16093 -9.92251 17.4305 
-6.55088 -10.5885 17.6151 
-6.96844 -11.2817 17.881 
-7.41334 -11.9968 18.2365 
-7.88473 -12.7265 18.6899 
-8.38104 -13.4613 19.2492 
-8.89979 -14.1887 19.9219 
-9.43744 -14.8935 20.714 
-9.98917 -15.5573 21.6291 
-10.5487 -16.1587 22.6681 
-11.1083 -16.6739 23.8272 
-11.6584 -17.077 25.0977 
-12.1881 -17.3419 26.4643 
-12.6848 -17.4433 27.905 
-13.1351 -17.3594 29.3904 
-13.525 -17.0738 30.8849 
-13.8403 -16.5777 32.3473 
-14.0684 -15.8726 33.7336 
-14.1979 -14.9704 34.9998 
-14.2206 -13.8944 36.1053 
-14.1317 -12.6776 37.0161 
-13.9302 -11.3607 37.7079 
-13.6196 -9.98828 38.1678 
-13.207 -8.60591 38.3946 
-12.7035 -7.25598 38.3982 
-12.1224 -5.97501 38.1978 
-11.4793 -4.79167 37.819 
-10.7904 -3.72589 37.291 
-10.0717 -2.78902 36.6443 
-9.33873 -1.9847 35.9078 
-8.60527 -1.31025 35.1081 
-7.88343 -0.758256 34.2678 
-7.18325 -0.318096 33.4056 
-6.51272 0.0226609 32.5361 
-5.87785 0.277157 31.6705 
-5.28283 0.458401 30.8166 
-4.73022 0.57869 29.9799 
-4.22125 0.64925 29.1638 
-3.75599 0.680045 28.3701 
-3.33365 0.679715 27.5998 
-2.95273 0.655598 26.8528 
-2.61125 0.613812 26.1287 
-2.3069 0.559367 25.4269 
-2.03713 0.496286 24.7465 
-1.79933 0.427738 24.0866 
-1.59084 0.356158 23.4462 
-1.40908 0.283364 22.8245 
-1.25154 0.210663 22.2206 
-1.11588 0.138934 21.6339 
-0.999877 0.068716 21.0635 
-0.901513 0.000268698 20.5089 
-0.818935 -0.0663682 19.9695 
-0.750474 -0.13133 19.4448 
-0.694639 -0.194887 18.9343 
-0.650113 -0.257418 18.4375 
-0.615744 -0.319386 17.9542 
-0.590536 -0.381316 17.4838 
-0.573641 -0.443791 17.0261 
-0.564351 -0.507433 16.5807 
-0.562085 -0.572908 16.1474 
-0.566382 -0.640916 15.7259 
-0.576894 -0.712197 15.3159 
-0.593379 -0.78753 14.9172 
-0.615693 -0.867741 14.5296 
-0.643788 -0.953704 14.1529 
-0.677705 -1.04635 13.787 
-0.717575 -1.14669 13.4317 
-0.763616 -1.25581 13.0871 
-0.816129 -1.37486 12.7529 
-0.875506 -1.50512 12.4294 
-0.942227 -1.64798 12.1164 
-1.01686 -1.80497 11.8143 
-1.10009 -1.97774 11.5231 
-1.19267 -2.16813 11.2434 
-1.29549 -2.37814 10.9754 
-1.40955 -2.61 10.7199 
-1.53598 -2.86614 10.4775 
-1.67603 -3.14922 10.2495 
-1.83111 -3.46216 10.0369 
-2.00279 -3.80817 9.84157 
-2.19279 -4.19072 9.66535 
-2.40304 -4.61355 9.51079 
-2.63563 -5.08071 9.38097 
-2.89286 -5.59648 9.27969 
-3.17722 -6.16534 9.21156 
-3.49141 -6.79193 9.18225 
-3.83831 -7.48088 9.19862 
-4.22096 -8.23668 9.26896 
-4.64252 -9.0634 9.40323 
-5.10621 -9.96433 9.6133 
-5.61518 -10.9415 9.91317 
-6.17242 -11.9952 10.3192 
-6.78051 -13.1228 10.8503 
-7.44138 -14.318 11.5276 
-8.15594 -15.5696 12.3745 
-8.92364 -16.8597 13.4157 
-9.74189 -18.1624 14.6761 
-10.6055 -19.4421 16.1788 
-11.5057 -20.6524 17.9421 
-12.4298 -21.7354 19.9757 
-13.3601 -22.6228 22.2761 
-14.2738 -23.2386 24.8216 
-15.1428 -23.5044 27.5671 
-15.9346 -23.3474 30.4416 
-16.6132 -22.7112 33.3477 
-17.1421 -21.5665 36.1668 
-17.4874 -19.9208 38.7686 
-17.6208 -17.824 41.026 
-17.5236 -15.3666 42.8308 
-17.1893 -12.6709 44.1095 
-16.6244 -9.87568 44.8321 
-15.8479 -7.11831 45.0144 
-14.8898 -4.5184 44.7115 
-13.7868 -2.16624 44.0062 
-12.5794 -0.117882 42.9947 
-11.3076 1.60356 41.7739 
-10.0088 3.00234 40.4309 
-8.71519 4.10238 39.0378 
-7.45302 4.93947 37.6493 
-6.24236 5.55474 36.3038 
-5.0974 5.98973 35.0256 
-4.02715 6.28327 33.828 
-3.03623 6.46978 32.716 
-2.12584 6.57857 31.6895 
-1.29449 6.63392 30.7446 
-0.538758 6.65545 29.876 
0.146111 6.65871 29.0774 
0.765736 6.65584 28.3427 
1.32621 6.65616 27.6659 
1.83383 6.66673 27.0421 
2.29486 6.69279 26.4669 
2.71541 6.73817 25.9367 
3.1013 6.80559 25.4487 
3.45803 6.89691 25.001 
3.79071 7.01331 24.592 
4.10405 7.15543 24.2209 
4.40235 7.32351 23.8875 
4.68952 7.51743 23.5918 
4.96904 7.73677 23.3346 
5.24403 7.98081 23.1166 
5.51724 8.24856 22.9392 
5.79103 8.53876 22.8039 
6.06739 8.84978 22.7126 
6.34799 9.17965 22.6672 
6.63409 9.52596 22.6698 
6.9266 9.88581 22.7228 
7.22604 10.2558 22.8282 
7.53252 10.6318 22.9881 
7.84571 11.0091 23.2044 
8.16486 11.3824 23.4784 
8.48871 11.7453 23.8111 
8.81551 12.0911 24.2024 
9.14299 12.4123 24.6516 
9.46834 12.7006 25.1565 
9.78826 12.9479 25.7136 
10.0989 13.1454 26.3178 
10.3961 13.2849 26.9625 
10.6751 13.3587 27.6389 
10.9311 13.36 28.3368 
11.1592 13.2836 29.0442 
11.3544 13.1262 29.7479 
11.5121 12.8868 30.4336 
11.6281 12.5669 31.087 
11.6988 12.1708 31.6936 
11.7217 11.7054 32.24 
11.6952 11.1803 32.7146 
11.6188 10.6068 33.1075 
11.4933 9.9979 33.4117 
11.3206 9.36748 33.6228 
11.1039 8.72945 33.7394 
10.8472 8.09722 33.7629 
10.5556 7.48309 33.697 
10.2347 6.89778 33.5477 
9.89029 6.35012 33.3224 
9.52868 5.8469 33.0295 
9.15595 5.39288 32.6781 
8.77798 4.9909 32.2773 
8.4003 4.64209 31.8358 
8.02793 4.34616 31.3619 
7.66533 4.10167 30.8633 
7.31638 3.90632 30.3468 
6.9843 3.75724 29.8183 
6.67175 3.65122 29.2829 
6.3808 3.58493 28.7451 
6.11302 3.55505 28.2085 
5.86951 3.55843 27.6762 
5.65098 3.59214 27.1509 
5.45782 3.65357 26.6348 
5.29013 3.74046 26.1298 
5.14782 3.85086 25.6375 
5.03063 3.98323 25.1594 
4.9382 4.13631 24.6969 
4.8701 4.3092 24.2512 
4.82587 4.50129 23.8236 
4.80504 4.71222 23.4155 
4.80716 4.94186 23.0281 
4.83185 5.19028 22.6629 
4.87874 5.45771 22.3215 
4.94756 5.74449 22.0056 
5.03806 6.05101 21.717 
5.1501 6.37771 21.4578 
5.28356 6.725 21.2303 
5.43837 7.09316 21.037 
5.61451 7.48236 20.8808 
5.81193 7.8925 20.7646 
6.0306 8.32319 20.6919 
6.2704 8.77359 20.6662 
6.53115 9.24235 20.6913 
6.8125 9.72748 20.7713 
7.11393 10.2262 20.9103 
7.43464 10.7348 21.1124 
7.77353 11.2486 21.3818 
8.12907 11.7616 21.722 
8.49928 12.2666 22.1364 
8.88159 12.7552 22.6272 
9.27283 13.2175 23.1955 
9.66911 13.6424 23.8409 
10.0658 14.0176 24.561 
10.4575 14.3303 25.3509 
10.8382 14.5673 26.2031 
11.201 14.7156 27.107 
11.5386 14.7636 28.0489 
11.8434 14.7015 29.0121 
12.1077 14.5222 29.9771 
12.3239 14.2223 30.9225 
12.4852 13.8029 31.8257 
12.5857 13.2697 32.6643 
12.6207 12.6331 33.4171 
12.5875 11.908 34.0652 
12.4848 11.1129 34.5938 
12.3137 10.2689 34.9924 
12.0772 9.39839 35.2555 
11.7799 8.52366 35.3829 
11.4283 7.66564 35.3788 
11.0301 6.8428 35.2515 
10.5938 6.07047 35.0124 
10.1285 5.36032 34.675 
9.64317 4.72038 34.2538 
9.14676 4.15515 33.7634 
8.64749 3.66607 33.2178 
8.15283 3.25199 32.6299 
7.66935 2.90982 32.0113 
7.20261 2.63502 31.372 
6.75718 2.42217 30.7203 
6.33665 2.2654 30.063 
5.94368 2.15874 29.4056 
5.58015 2.09642 28.7526 
5.24721 2.07303 28.1071 
4.94541 2.08364 27.4718 
4.67481 2.12392 26.8486 
4.43507 2.19015 26.2389 
4.22557 2.2792 25.6438 
4.04549 2.38853 25.0641 
3.89384 2.51617 24.5005 
3.7696 2.66065 23.9535 
3.67171 2.82098 23.4237 
3.59912 2.99658 22.9116 
3.55089 3.18725 22.4176 
3.52612 3.39313 21.9425 
3.52405 3.61463 21.4869 
3.54404 3.85244 21.0516 
3.58559 4.10747 20.6376 
3.64832 4.38081 20.2459 
3.73204 4.6737 19.8779 
3.83666 4.98752 19.5351 
3.96226 5.32373 19.2194 
4.10904 5.68385 18.9327 
4.27735 6.06939 18.6776 
4.46762 6.48183 18.4568 
4.68038 6.92252 18.2736 
4.91625 7.39264 18.1315 
5.17588 7.89307 18.0349 
5.45991 8.42428 17.9884 
5.76894 8.98618 17.9973 
6.1035 9.57797 18.0674 
6.46391 10.1979 18.2051 
6.85027 10.843 18.4172 
7.26231 11.5091 18.7108 
7.69929 12.1899 19.0933 
8.15988 12.8775 19.5719 
8.64198 13.5615 20.1532 
9.14262 14.229 20.8427 
9.65772 14.8646 21.6443 
10.182 15.4502 22.5594 
10.7089 15.9654 23.5861 
11.2304 16.388 24.7181 
11.7371 16.6948 25.944 
12.2182 16.8633 27.2466 
12.662 16.8725 28.6028 
13.0561 16.7058 29.9833 
13.3878 16.3522 31.3538 
13.6451 15.8081 32.6764 
13.8171 15.0794 33.9121 
13.895 14.181 35.0227 
13.8728 13.1373 35.9748 
13.7476 11.9801 36.7415 
13.5202 10.7469 37.3049 
13.195 9.47745 37.657 
12.7798 8.21113 37.7999 
12.2852 6.98382 37.7447 
11.724 5.82582 37.5099 
11.1104 4.76048 37.1186 
10.4589 3.80364 36.5969 
9.78404 2.96394 35.9711 
9.09924 2.24365 35.2665 
8.41674 1.63985 34.5056 
7.74709 1.14576 33.7082 
7.09909 0.75198 32.8902 
6.4797 0.447673 32.0645 
5.89416 0.221422 31.2409 
5.34613 0.0619426 30.4264 
4.83786 -0.0414373 29.6261 
4.37045 -0.0984742 28.8432 
3.94397 -0.117844 28.0797 
3.55774 -0.10708 27.3365 
3.21049 -0.0725871 26.6141 
2.9005 -0.0197027 25.9124 
2.62575 0.0472175 25.2308 
2.38404 0.124696 24.569 
2.17311 0.210026 23.9262 
1.99067 0.301174 23.3018 
1.83448 0.396674 22.6952 
1.70242 0.49555 22.1058 
1.59247 0.597233 21.533 
1.50278 0.701496 20.9762 
1.43168 0.808399 20.4352 
1.37765 0.918239 19.9094 
1.33939 1.03152 19.3985 
1.31573 1.1489 18.9023 
1.30573 1.27121 18.4206 
1.3086 1.3994 17.9531 
1.32371 1.53454 17.4997 
1.35064 1.6778 17.0604 
1.38908 1.8305 16.6351 
1.4389 1.99403 16.224 
1.50013 2.16991 15.8273 
1.57294 2.35981 15.4451 
1.65764 2.56549 15.0779 
1.75469 2.78887 14.7262 
1.8647 3.03203 14.3907 
1.98843 3.29719 14.0721 
2.12678 3.58675 13.7717 
2.2808 3.90329 13.4907 
2.45171 4.24956 13.2308 
2.64085 4.62849 12.9942 
2.84977 5.04318 12.7832 
3.08012 5.49688 12.601 
3.33375 5.99293 12.4511 
3.61264 6.53473 12.3381 
3.9189 7.12565 12.2672 
4.25475 7.76886 12.2446 
4.62249 8.46722 12.2779 
5.02447 9.223 12.3757 
5.46294 10.0376 12.5483 
5.94007 10.911 12.8074 
6.45768 11.8415 13.1662 
7.0172 12.8249 13.6398 
7.61933 13.8538 14.2443 
8.26381 14.9165 14.997 
8.94908 15.9964 15.9156 
9.67184 17.0707 17.0166 
10.4266 18.1099 18.3143 
11.2053 19.0769 19.8185 
11.9966 19.9275 21.5319 
12.786 20.6111 23.4469 
13.555 21.0733 25.5426 
14.2818 21.2596 27.7825 
14.9419 21.1205 30.1125 
15.5085 20.6183 32.4619 
15.955 19.7338 34.7465 
16.2565 18.4715 36.8748 
16.392 16.8636 38.7566 
16.3472 14.9688 40.3129 
16.1157 12.8679 41.4853 
15.7001 10.6551 42.2423 
15.112 8.42766 42.5823 
14.3709 6.27551 42.5311 
13.5022 4.2726 42.1364 
12.535 2.4721 41.4596 
11.4997 0.905061 40.5674 
10.4256 -0.417782 39.5249 
9.33938 -1.50222 38.3901 
8.26423 -2.3659 37.2111 
7.21889 -3.03378 36.0251 
6.2178 -3.53426 34.8591 
5.27127 -3.89625 33.7311 
4.38594 -4.14724 32.6519 
3.56534 -4.3121 31.6269 
2.81041 -4.41257 30.6577 
2.12011 -4.46711 29.7432 
1.49191 -4.49112 28.881 
0.922155 -4.49716 28.0677 
0.406498 -4.49538 27.2999 
-0.059874 -4.49386 26.574 
-0.481996 -4.49896 25.887 
-0.86496 -4.51569 25.2359 
-1.2138 -4.54792 24.6185 
-1.53338 -4.59866 24.0328 
-1.82837 -4.67027 23.4773 
-2.10319 -4.76459 22.9512 
-2.36199 -4.88309 22.4536 
-2.60865 -5.02697 21.9843 
-2.84681 -5.19727 21.5434 
-3.07983 -5.39487 21.1314 
-3.31082 -5.62061 20.749 
-3.54272 -5.87525 20.3974 
-3.7782 -6.15952 20.078 
-4.01978 -6.47408 19.7927 
-4.26981 -6.81954 19.5437 
-4.53042 -7.19636 19.3337 
-4.80363 -7.60484 19.1657 
-5.09124 -8.04505 19.0434 
-5.3949 -8.51668 18.9707 
-5.71604 -9.01894 18.9521 
-6.05584 -9.55045 18.9927 
-6.41521 -10.109 19.0978 
-6.79472 -10.6914 19.2731 
-7.19452 -11.2932 19.5248 
-7.61425 -11.9087 19.8588 
-8.05297 -12.5302 20.2811 
-8.50901 -13.1484 20.7969 
-8.97987 -13.7519 21.4108 
-9.46209 -14.3269 22.1255 
-9.95114 -14.858 22.9418 
-10.4414 -15.3275 23.8578 
-10.9259 -15.7165 24.8677 
-11.3966 -16.0054 25.9618 
-11.8444 -16.1748 27.1255 
-12.2592 -16.2071 28.3394 
-12.6304 -16.0874 29.5789 
-12.947 -15.8058 30.8154 
-13.1987 -15.3582 32.0172 
-13.376 -14.7477 33.1509 
-13.4707 -13.9851 34.1838 
-13.4773 -13.089 35.0863 
-13.3925 -12.0844 35.8334 
-13.2161 -11.0015 36.4072 
-12.951 -9.87346 36.7977 
-12.603 -8.73379 37.0029 
-12.1804 -7.61427 37.0288 
-11.6935 -6.54284 36.888 
-11.1543 -5.54225 36.5981 
-10.5754 -4.6293 36.1798 
-9.96933 -3.81478 35.6551 
-9.34843 -3.10384 35.0459 
-8.724 -2.49682 34.3728 
-8.10612 -1.99021 33.654 
-7.50345 -1.5777 32.9054 
-6.92309 -1.25114 32.1397 
-6.37068 -1.00137 31.3675 
-5.8504 -0.818919 30.5967 
-5.36515 -0.694514 29.8332 
-4.91669 -0.61942 29.0813 
-4.50582 -0.58568 28.3439 
-4.13255 -0.586235 27.6229 
-3.79626 -0.61497 26.9194 
-3.49586 -0.666707 26.234 
-3.22991 -0.737158 25.5669 
-2.99673 -0.822858 24.918 
-2.79452 -0.921086 24.2871 
-2.62142 -1.02979 23.674 
-2.47558 -1.14749 23.0784 
-2.35522 -1.27322 22.4999 
-2.25864 -1.40646 21.9383 
-2.18429 -1.54705 21.3933 
-2.13075 -1.69518 20.8649 
-2.09679 -1.85131 20.3528 
-2.08133 -2.01615 19.857 
-2.08349 -2.19062 19.3777 
-2.10255 -2.37584 18.9149 
-2.138 -2.57312 18.4689 
-2.18949 -2.7839 18.0401 
-2.25686 -3.00982 17.6289 
-2.34012 -3.25264 17.2359 
-2.43945 -3.51427 16.8621 
-2.55523 -3.79675 16.5085 
-2.68796 -4.10229 16.1762 
-2.83835 -4.43319 15.8668 
-3.00724 -4.79188 15.5823 
-3.19564 -5.1809 15.3248 
-3.4047 -5.60286 15.0971 
-3.63572 -6.0604 14.9023 
-3.89013 -6.55611 14.7443 
-4.16945 -7.09253 14.6277 
-4.47529 -7.67194 14.5575 
-4.80933 -8.29628 14.5401 
-5.17323 -8.96695 14.5826 
-5.56859 -9.68455 14.6931 
-5.99687 -10.4486 14.8808 
-6.45928 -11.2571 15.1562 
-6.95662 -12.1061 15.5307 
-7.48915 -12.9894 16.0165 
-8.05634 -13.8973 16.6264 
-8.65664 -14.8169 17.3732 
-9.28719 -15.7306 18.2689 
-9.94352 -16.6161 19.3236 
-10.6192 -17.4461 20.5443 
-11.3056 -18.188 21.9328 
-11.9915 -18.805 23.484 
-12.6633 -19.2575 25.184 
-13.3046 -19.505 27.008 
-13.8969 -19.5097 28.9195 
-14.4203 -19.2406 30.8701 
-14.8541 -18.6775 32.8011 
-15.1786 -17.8154 34.6467 
-15.3761 -16.6672 36.3391 
-15.433 -15.2647 37.8142 
-15.3406 -13.657 39.0183 
-15.0966 -11.9067 39.9137 
-14.7051 -10.0838 40.4818 
-14.1768 -8.25869 40.7242 
-13.5276 -6.49593 40.6609 
-12.7777 -4.8488 40.3265 
-11.9496 -3.35636 39.7649 
-11.0669 -2.04262 39.024 
-10.1522 -0.917524 38.151 
-9.22654 0.0207431 37.189 
-8.30834 0.782849 36.1748 
-7.41287 1.38535 35.1383 
-6.5522 1.84807 34.1018 
-5.73531 2.19197 33.0817 
-4.96834 2.43766 32.0889 
-4.25495 2.60438 31.1297 
-3.59669 2.7094 30.2077 
-2.99345 2.76785 29.3238 
-2.44377 2.7926 28.4777 
-1.94523 2.79447 27.6679 
-1.49469 2.78236 26.8927 
-1.08856 2.76353 26.1498 
-0.722953 2.74381 25.4371 
-0.393865 2.72785 24.7528 
-0.09728 2.71931 24.0949 
0.170748 2.7211 23.462 
0.414034 2.73548 22.8525 
0.63622 2.76426 22.2655 
0.840757 2.80889 21.6999 
1.03089 2.87057 21.1552 
1.20967 2.95034 20.6307 
1.37994 3.04917 20.1262 
1.54438 3.16796 19.6414 
1.70547 3.30766 19.1765 
1.86558 3.46927 18.7316 
2.02693 3.65386 18.3071 
2.19165 3.86262 17.9036 
2.36179 4.09688 17.5219 
2.53932 4.35807 17.163 
2.72618 4.6478 16.8283 
2.92428 4.96779 16.5195 
3.13551 5.31988 16.2386 
3.36179 5.70601 15.988 
3.605 6.12819 15.7706 
3.86706 6.58841 15.59 
4.14991 7.08862 15.4502 
4.45544 7.63057 15.356 
4.78555 8.21573 15.3131 
5.14207 8.84508 15.328 
5.5267 9.5189 15.4079 
5.94098 10.2365 15.5613 
6.38617 10.9959 15.7975 
6.86315 11.7935 16.1268 
7.37225 12.6233 16.56 
7.9131 13.4769 17.1087 
8.4844 14.3425 17.7842 
9.08368 15.2046 18.5973 
9.70701 16.0434 19.5573 
10.3488 16.8348 20.6705 
11.0013 17.5502 21.9391 
11.6549 18.157 23.3595 
12.2973 18.6198 24.9204 
12.9142 18.9023 26.6014 
13.4892 18.9701 28.3719 
14.0042 18.7934 30.1907 
14.4407 18.3514 32.0072 
14.7804 17.6356 33.7637 
15.0066 16.6525 35.3993 
15.1057 15.4253 36.8548 
15.0682 13.9928 38.0783 
14.8902 12.4072 39.0301 
14.5732 10.7291 39.6865 
14.1248 9.02209 40.0415 
13.5577 7.34663 40.1059 
12.8888 5.75534 39.905 
12.1379 4.28941 39.4744 
11.3263 2.97703 38.8553 
10.475 1.83348 38.0906 
9.60438 0.862647 37.2209 
8.73234 0.0592383 36.2823 
7.87447 -0.588646 35.3052 
7.04347 -1.09709 34.3136 
6.24918 -1.48428 33.3257 
5.49873 -1.76889 32.3543 
4.79685 -1.96895 31.4078 
4.14613 -2.1011 30.4915 
3.54743 -2.18019 29.6079 
3.00022 -2.21916 28.7578 
2.50286 -2.22902 27.9407 
2.05292 -2.21898 27.1556 
1.64741 -2.19663 26.4007 
1.28295 -2.16813 25.6746 
0.955982 -2.13843 24.9752 
0.66285 -2.11145 24.3011 
0.399921 -2.0903 23.6507 
0.163644 -2.07737 23.0226 
-0.0493939 -2.07456 22.4157 
-0.242441 -2.08332 21.8288 
-0.418559 -2.10483 21.2613 
-0.580619 -2.14002 20.7123 
-0.731301 -2.18971 20.1813 
-0.873103 -2.25462 19.6679 
-1.00835 -2.33544 19.1716 
-1.13922 -2.4329 18.6924 
-1.26775 -2.54778 18.2301 
-1.39585 -2.68092 17.7848 
-1.52535 -2.8333 17.3565 
-1.65801 -3.00601 16.9457 
-1.79551 -3.20031 16.5526 
-1.93952 -3.41759 16.178 
-2.09167 -3.65944 15.8227 
-2.25362 -3.92762 15.4876 
-2.42703 -4.22408 15.1742 
-2.61361 -4.55093 14.884 
-2.81509 -4.91048 14.619 
-3.0333 -5.30515 14.3816 
-3.2701 -5.73752 14.1749 
-3.52744 -6.21023 14.0022 
-3.80733 -6.72592 13.8677 
-4.11185 -7.28718 13.7765 
-4.44311 -7.89636 13.7344 
-4.80321 -8.55543 13.7482 
-5.19423 -9.26578 13.8259 
-5.61815 -10.0279 13.9766 
-6.07672 -10.841 14.2109 
-6.57141 -11.7026 14.5404 
-7.10318 -12.6079 14.9779 
-7.67233 -13.5494 15.5374 
-8.27822 -14.5159 16.2332 
-8.91901 -15.4916 17.0796 
-9.59131 -16.4561 18.0898 
-10.2898 -17.3829 19.2745 
-11.007 -18.24 20.6405 
-11.7326 -18.9896 22.1879 
-12.4535 -19.5891 23.9086 
-13.1539 -19.9934 25.7834 
-13.8147 -20.1577 27.7804 
-14.4151 -20.0419 29.8537 
-14.9325 -19.6152 31.9446 
-15.3442 -18.8614 33.9835 
-15.6293 -17.7833 35.8948 
-15.7698 -16.4053 37.6037 
-15.7531 -14.7729 39.0432 
-15.5729 -12.9498 40.1617 
-15.2301 -11.0116 40.928 
-14.7332 -9.03848 41.3343 
-14.0972 -7.10654 41.3951 
-13.3426 -5.28133 41.1439 
-12.4934 -3.61296 40.6272 
-11.5752 -2.13426 39.8982 
-10.6135 -0.861225 39.011 
-9.63228 0.204654 38.0162 
-8.65266 1.07309 36.9573 
-7.69248 1.76147 35.8699 
-6.76602 2.29158 34.781 
-5.88397 2.68701 33.7101 
-5.05379 2.97117 32.6702 
-4.28006 3.16606 31.6692 
-3.56493 3.29146 30.711 
-2.90856 3.36468 29.7967 
-2.30961 3.40048 28.9257 
-1.76555 3.41117 28.0962 
-1.27304 3.40692 27.3059 
-0.828189 3.39596 26.5523 
-0.426765 3.3849 25.8327 
-0.0643814 3.37902 25.1449 
0.263379 3.38245 24.4866 
0.560862 3.39849 23.8562 
0.832278 3.4297 23.252 
1.08165 3.47813 22.6728 
1.31281 3.54544 22.1177 
1.52934 3.633 21.5861 
1.73463 3.74199 21.0775 
1.93183 3.87351 20.5918 
2.12392 4.02856 20.129 
2.31366 4.2082 19.6895 
2.50367 4.41348 19.2739 
2.69642 4.64554 18.8829 
2.89426 4.90557 18.5177 
3.09941 5.19486 18.1798 
3.31405 5.51477 17.8708 
3.54024 5.86671 17.593 
3.78001 6.25212 17.3488 
4.03531 6.6724 17.1415 
4.30805 7.12889 16.9744 
4.60008 7.62272 16.8519 
4.91315 8.15475 16.7787 
5.24893 8.72541 16.7603 
5.60892 9.33449 16.803 
5.99444 9.98096 16.9137 
6.40652 10.6627 17.1002 
6.84582 11.3761 17.3708 
7.31254 12.1159 17.7344 
7.80623 12.8746 18.2 
8.32565 13.6421 18.7767 
8.8686 14.4055 19.4728 
9.43169 15.1486 20.2953 
10.0101 15.8518 21.249 
10.5976 16.492 22.3354 
11.186 17.0433 23.5514 
11.7655 17.4776 24.8882 
12.3243 17.7659 26.3302 
12.8491 17.8803 27.8538 
13.3255 17.7961 29.4278 
13.7381 17.4949 31.0131 
14.0719 16.9666 32.5649 
14.3126 16.2125 34.035 
14.4482 15.2457 35.3748 
14.4697 14.092 36.5399 
14.3717 12.7882 37.4935 
14.1535 11.3793 38.2094 
13.8189 9.91508 38.6746 
13.3761 8.44538 38.8893 
12.8373 7.01638 38.8658 
12.2173 5.66728 38.6267 
11.5331 4.4282 38.2011 
10.8023 3.31937 37.6219 
10.0422 2.35148 36.9227 
9.26934 1.52682 36.1351 
8.49829 0.84093 35.2873 
7.7417 0.284478 34.4032 
7.00992 -0.155039 33.5022 
6.31104 -0.491782 32.599 
5.651 -0.740383 31.7045 
5.03379 -0.915083 30.8264 
4.46173 -1.02916 29.9696 
3.9357 -1.09459 29.1369 
3.45542 -1.12191 28.3297 
3.01971 -1.12015 27.5484 
2.62673 -1.09695 26.7926 
2.27413 -1.05862 26.0615 
1.95926 -1.01032 25.3541 
1.67925 -0.956167 24.6693 
1.43119 -0.899413 24.006 
1.21217 -0.84257 23.3629 
1.01931 -0.787538 22.7392 
0.849907 -0.735716 22.1338 
0.701355 -0.688098 21.5459 
0.57124 -0.645365 20.9748 
0.457318 -0.607947 20.4197 
0.357531 -0.57609 19.88 
0.269998 -0.549903 19.3551 
0.193011 -0.529401 18.8446 
0.125028 -0.514539 18.3479 
0.0646591 -0.505236 17.8646 
0.0106551 -0.501402 17.3943 
-0.0381058 -0.502951 16.9367 
-0.0826316 -0.509817 16.4913 
-0.123829 -0.521965 16.0579 
-0.162518 -0.539402 15.6361 
-0.199442 -0.562179 15.2256 
-0.235283 -0.590402 14.8262 
-0.270668 -0.624235 14.4376 
-0.306186 -0.663907 14.0595 
-0.342393 -0.709714 13.6917 
-0.379826 -0.762025 13.3341 
-0.419006 -0.821287 12.9863 
-0.460455 -0.888033 12.6483 
-0.504699 -0.962886 12.3199 
-0.552276 -1.04657 12.0009 
-0.603748 -1.1399 11.6913 
-0.659709 -1.24383 11.3911 
-0.72079 -1.35942 11.1002 
-0.78767 -1.48788 10.8187 
-0.861087 -1.63056 10.5467 
-0.941844 -1.78899 10.2844 
-1.03082 -1.96486 10.032 
-1.12899 -2.16009 9.79002 
-1.23742 -2.37679 9.55887 
-1.35728 -2.61731 9.33929 
-1.48988 -2.88426 9.13216 
-1.63666 -3.18053 8.93861 
-1.79921 -3.50931 8.76007 
-1.97929 -3.87408 8.59835 
-2.17884 -4.27866 8.45569 
-2.4 -4.72719 8.33487 
-2.6451 -5.22412 8.23934 
-2.91669 -5.77419 8.17337 
-3.21756 -6.38238 8.14218 
-3.55069 -7.05378 8.15219 
-3.91927 -7.79353 8.21118 
-4.32669 -8.60651 8.32861 
-4.77642 -9.4971 8.51589 
-5.272 -10.4687 8.78661 
-5.81688 -11.5233 9.1569 
-6.41427 -12.6603 9.64558 
-7.06687 -13.8759 10.2743 
-7.77653 -15.1618 11.0673 
-8.54387 -16.5034 12.0513 
-9.36767 -17.8781 13.254 
-10.2442 -19.2535 14.7027 
-11.1666 -20.5858 16.4218 
-12.1236 -21.8182 18.4286 
-13.0992 -22.8814 20.7286 
-14.0718 -23.6949 23.3101 
-15.0136 -24.1719 26.1378 
-15.8915 -24.2267 29.148 
-16.6675 -23.7858 32.2468 
-17.3016 -22.8003 35.3125 
-17.7547 -21.259 38.2042 
-17.9922 -19.1968 40.7764 
-17.989 -16.6969 42.8978 
-17.7318 -13.8841 44.4699 
-17.2224 -10.9088 45.4413 
-16.4768 -7.92748 45.8128 
-15.524 -5.08192 45.6338 
-14.4024 -2.48364 44.9899 
-13.1552 -0.205818 43.9866 
-11.8271 1.71704 42.7339 
-10.4596 3.28359 41.3326 
-9.08963 4.51696 39.8676 
-7.74723 5.45547 38.4035 
-6.4557 6.14461 36.9863 
-5.23167 6.63099 35.6448 
-4.08585 6.95837 34.3948 
-3.02402 7.16553 33.2426 
-2.04798 7.28543 32.1876 
-1.15651 7.34516 31.2256 
-0.346211 7.36646 30.35 
0.387856 7.36643 29.5534 
1.05158 7.35823 28.8285 
1.65138 7.35187 28.1685 
2.1939 7.35478 27.5671 
2.68574 7.37238 27.0194 
3.13332 7.40851 26.5208 
3.54275 7.46577 26.0682 
3.91976 7.5458 25.6588 
4.26965 7.6495 25.2907 
4.59727 7.77717 24.9628 
4.90702 7.92863 24.6743 
5.20283 8.1033 24.425 
5.4882 8.30027 24.215 
5.76619 8.5183 24.0448 
6.03943 8.75584 23.9152 
6.31014 9.01102 23.8273 
6.58014 9.28166 23.7821 
6.85085 9.5652 23.7808 
7.12329 9.85871 23.8248 
7.39808 10.1588 23.9151 
7.67545 10.4618 24.0527 
7.95522 10.7633 24.2384 
8.23679 11.0586 24.4725 
8.51917 11.3426 24.7548 
8.80093 11.6096 25.0844 
9.08023 11.8538 25.4598 
9.35483 12.0689 25.8782 
9.6221 12.2487 26.3362 
9.8791 12.387 26.829 
10.1226 12.4782 27.3506 
10.349 12.5169 27.894 
10.5549 12.4988 28.4508 
10.7366 12.4209 29.0119 
10.8906 12.2812 29.5672 
11.0137 12.0798 30.1064 
11.103 11.8181 30.6189 
11.156 11.4997 31.0944 
11.1712 11.1297 31.5233 
11.1475 10.715 31.8972 
11.0848 10.2637 32.209 
10.9837 9.78505 32.4533 
10.8457 9.28875 32.6268 
10.6732 8.78472 32.7279 
10.4691 8.28265 32.757 
10.2372 7.79157 32.7161 
9.98145 7.31959 32.6088 
9.70634 6.87363 32.4399 
9.41646 6.45934 32.215 
9.11645 6.08103 31.9404 
8.81086 5.74169 31.6225 
8.50402 5.4431 31.2678 
8.19997 5.18598 30.8827 
7.90238 4.97015 30.4731 
7.61454 4.7947 30.0447 
7.33929 4.6582 29.6026 
7.07906 4.55882 29.1511 
6.83585 4.49451 28.6945 
6.61127 4.46314 28.2363 
6.40658 4.46256 27.7797 
6.22273 4.4907 27.3274 
6.06036 4.54565 26.8819 
5.91989 4.62567 26.4454 
5.80156 4.72924 26.0198 
5.70543 4.85504 25.607 
5.63145 5.00197 25.2086 
5.57947 5.16916 24.8264 
5.54931 5.35591 24.4619 
5.54071 5.56169 24.1168 
5.55342 5.78612 23.7926 
5.58716 6.02893 23.4911 
5.64168 6.2899 23.214 
5.71672 6.56889 22.9633 
5.81203 6.8657 22.7411 
5.92737 7.1801 22.5493 
6.06249 7.51172 22.3904 
6.21713 7.86005 22.2668 
6.39097 8.2243 22.1811 
6.58366 8.6034 22.136 
6.79475 8.99588 22.1343 
7.02367 9.39979 22.1789 
7.2697 9.81265 22.2728 
7.53192 10.2313 22.4187 
7.80915 10.652 22.6192 
8.09995 11.0701 22.8767 
8.40251 11.48 23.1929 
8.71466 11.8756 23.5692 
9.03376 12.2498 24.0057 
9.35675 12.5946 24.5016 
9.68006 12.9015 25.0549 
9.99961 13.1618 25.6616 
10.3109 13.3662 26.3163 
10.609 13.5061 27.0116 
10.8885 13.5734 27.7379 
11.1441 13.5611 28.484 
11.3701 13.4641 29.2367 
11.5611 13.2793 29.9815 
11.7121 13.0063 30.7029 
11.8186 12.6475 31.3854 
11.8768 12.2084 32.0136 
11.8842 11.6974 32.5735 
11.8392 11.1254 33.0529 
11.7416 10.5056 33.4422 
11.5926 9.8524 33.7347 
11.3946 9.18108 33.9267 
11.1513 8.50669 34.0179 
10.8674 7.84347 34.0109 
10.5485 7.2042 33.9109 
10.2007 6.59973 33.7249 
9.83048 6.03876 33.4617 
9.44451 5.52767 33.1308 
9.04923 5.07063 32.7421 
8.65078 4.66981 32.3055 
8.25484 4.32559 31.8301 
7.86653 4.03691 31.3247 
7.4903 3.80164 30.7971 
7.12995 3.61682 30.2539 
6.78861 3.47904 29.7011 
6.46876 3.38462 29.1437 
6.17232 3.32985 28.5859 
5.90064 3.31113 28.0312 
5.65465 3.32509 27.4825 
5.43485 3.36869 26.9423 
5.24143 3.43923 26.4124 
5.07435 3.53441 25.8947 
4.93333 3.65232 25.3905 
4.818 3.79143 24.9013 
4.72785 3.95058 24.4282 
4.66236 4.12895 23.9724 
4.62099 4.32602 23.5351 
4.6032 4.54156 23.1174 
4.60851 4.77557 22.7207 
4.63648 5.02826 22.3463 
4.68675 5.29999 21.9957 
4.75904 5.59125 21.6705 
4.85314 5.90263 21.3727 
4.96891 6.23471 21.1043 
5.10629 6.58809 20.8676 
5.26528 6.96327 20.6651 
5.44591 7.36059 20.4997 
5.64823 7.78018 20.3746 
5.87231 8.22186 20.2932 
6.11814 8.68504 20.2592 
6.38564 9.16857 20.2768 
6.67462 9.67067 20.3502 
6.98468 10.1888 20.4839 
7.31517 10.7193 20.6826 
7.66511 11.2576 20.9506 
8.03313 11.7978 21.2924 
8.41732 12.3326 21.7116 
8.81525 12.8532 22.2114 
9.22375 13.3495 22.7935 
9.63896 13.8096 23.4581 
10.0562 14.2205 24.2036 
10.4698 14.5683 25.0255 
10.8736 14.8385 25.9165 
11.2603 15.0167 26.8661 
11.6222 15.0897 27.8602 
11.951 15.0458 28.8813 
12.2384 14.8768 29.9088 
12.476 14.5778 30.9195 
12.6563 14.1492 31.8889 
12.7726 13.5962 32.7921 
12.8195 12.9295 33.6056 
12.7937 12.165 34.3084 
12.6937 11.3226 34.8837 
12.5201 10.4254 35.3194 
12.2761 9.49812 35.6094 
11.9665 8.56524 35.753 
11.5984 7.64993 35.7549 
11.1798 6.77262 35.6243 
10.7201 5.95012 35.3739 
10.2291 5.19519 35.0186 
9.71661 4.51642 34.5745 
9.19218 3.9185 34.0577 
8.66472 3.40266 33.4834 
8.14228 2.96732 32.866 
7.63188 2.60872 32.2177 
7.13943 2.3216 31.5491 
6.66973 2.09978 30.8692 
6.22651 1.93663 30.185 
5.81252 1.82549 29.5021 
5.42959 1.75993 28.825 
5.07883 1.734 28.1568 
4.76068 1.74231 27.5001 
4.47506 1.78013 26.8566 
4.22147 1.84341 26.2274 
3.99914 1.92877 25.6136 
3.80704 2.03347 25.0158 
3.64403 2.15537 24.4344 
3.5089 2.29289 23.8699 
3.40042 2.44493 23.3224 
3.31741 2.61086 22.7924 
3.25875 2.79043 22.2801 
3.22343 2.98374 21.7861 
3.21054 3.19121 21.3108 
3.21933 3.41353 20.8547 
3.2492 3.65162 20.4186 
3.29969 3.90661 20.0033 
3.37052 4.17982 19.6099 
3.46154 4.4727 19.2396 
3.57278 4.78685 18.894 
3.70444 5.12395 18.5746 
3.85682 5.48575 18.2837 
4.0304 5.87402 18.0235 
4.22576 6.29051 17.7969 
4.4436 6.73687 17.6072 
4.68469 7.21461 17.4579 
4.94986 7.72496 17.3536 
5.23999 8.26879 17.2989 
5.55589 8.84644 17.2995 
5.89833 9.45755 17.3614 
6.2679 10.1008 17.4916 
6.66499 10.7738 17.6973 
7.08961 11.4726 17.9866 
7.54135 12.1914 18.3675 
8.01916 12.9224 18.8485 
8.52125 13.6553 19.4373 
9.04488 14.3768 20.1412 
9.58615 15.071 20.9654 
10.1399 15.7187 21.913 
10.6994 16.2977 22.9835 
11.2565 16.7836 24.1722 
11.8013 17.1507 25.4683 
12.3223 17.3726 26.855 
12.8069 17.4252 28.3083 
13.2413 17.2877 29.797 
13.6115 16.9457 31.284 
13.9037 16.3933 32.7271 
14.1055 15.6344 34.0823 
14.2065 14.6843 35.3061 
14.1992 13.5689 36.3596 
14.0798 12.3234 37.2113 
13.8487 10.9898 37.8399 
13.5102 9.61328 38.2358 
13.0727 8.23858 38.4008 
12.5477 6.90669 38.3475 
11.9495 5.65204 38.097 
11.2936 4.50092 37.676 
10.5964 3.47089 37.1144 
9.87374 2.57108 36.4421 
9.14062 1.80332 35.6876 
8.41045 1.16352 34.8763 
7.69474 0.643317 34.0297 
7.00298 0.231526 33.1655 
6.3426 -0.0845219 32.2973 
5.71908 -0.317957 31.4351 
5.13616 -0.481602 30.5863 
4.59602 -0.587459 29.7557 
4.09957 -0.646397 28.9461 
3.64662 -0.668005 28.1592 
3.23619 -0.660547 27.3956 
2.86665 -0.63101 26.6552 
2.53591 -0.585193 25.9376 
2.2416 -0.527818 25.2419 
1.98116 -0.462658 24.5674 
1.75195 -0.392669 23.913 
1.55136 -0.320102 23.278 
1.37682 -0.246626 22.6613 
1.22588 -0.173416 22.0623 
1.09622 -0.101249 21.4802 
0.985698 -0.0305767 20.9143 
0.892338 0.0384124 20.364 
0.814346 0.105737 19.8287 
0.750109 0.171582 19.308 
0.698191 0.236258 18.8014 
0.657329 0.300181 18.3084 
0.626422 0.363845 17.8288 
0.604524 0.427806 17.362 
0.590835 0.492674 16.9079 
0.584693 0.559103 16.466 
0.585559 0.627789 16.0361 
0.593019 0.699466 15.618 
0.606765 0.77491 15.2114 
0.626598 0.854941 14.8161 
0.652416 0.940429 14.4318 
0.684214 1.0323 14.0586 
0.722077 1.13155 13.6961 
0.766182 1.23924 13.3444 
0.816792 1.35653 13.0034 
0.874261 1.48466 12.6731 
0.939034 1.62499 12.3535 
1.01165 1.77903 12.0448 
1.09274 1.94838 11.7472 
1.18304 2.13485 11.461 
1.2834 2.34039 11.1866 
1.39478 2.56717 10.9247 
1.51826 2.81755 10.6759 
1.65507 3.09413 10.4412 
1.80655 3.39976 10.2219 
1.97424 3.73755 10.0194 
2.1598 4.11089 9.8358 
2.3651 4.52344 9.67332 
2.59218 4.97914 9.53494 
2.84327 5.48217 9.42425 
3.12081 6.03696 9.34568 
3.42741 6.64804 9.30459 
3.7659 7.32002 9.30754 
4.13925 8.05737 9.3624 
4.55057 8.86422 9.47869 
5.00304 9.74402 9.66773 
5.4998 10.6991 9.94291 
6.04386 11.7301 10.3199 
6.63785 12.8351 10.8169 
7.28386 14.0088 11.4542 
7.98303 15.2412 12.2546 
8.73516 16.5162 13.2423 
9.53818 17.8101 14.4419 
10.3875 19.0899 15.8769 
11.2755 20.3123 17.5666 
12.1903 21.4227 19.5229 
13.1157 22.3557 21.7458 
14.0303 23.0376 24.2183 
14.9074 23.391 26.9017 
15.7158 23.342 29.7318 
16.4206 22.8298 32.6185 
16.9856 21.8182 35.4489 
17.3762 20.3052 38.0962 
17.5627 18.3296 40.4324 
17.5243 15.9714 42.3447 
17.251 13.3446 43.7506 
16.7462 10.5838 44.6093 
16.0259 7.82645 44.925 
15.1169 5.19661 44.7429 
14.0545 2.79165 44.1389 
12.8779 0.675903 43.2058 
11.6273 -1.11956 42.0402 
10.3405 -2.59238 40.7311 
9.05094 -3.76164 39.3542 
7.7862 -4.66018 37.968 
6.56781 -5.32769 36.6149 
5.41135 -5.80543 35.3225 
4.32706 -6.13271 34.1064 
3.32063 -6.34487 32.9739 
2.39411 -6.47234 31.926 
1.54667 -6.54051 30.9599 
0.775411 -6.57006 30.0706 
0.0759183 -6.57749 29.2522 
-0.557182 -6.57575 28.4985 
-1.12984 -6.57484 27.8037 
-1.64827 -6.58238 27.1626 
-2.11873 -6.60407 26.5706 
-2.54735 -6.64413 26.0242 
-2.94 -6.70558 25.5203 
-3.30226 -6.79051 25.0568 
-3.63932 -6.90032 24.632 
-3.95599 -7.03585 24.2451 
-4.25669 -7.19748 23.8956 
-4.54542 -7.38523 23.5835 
-4.82579 -7.59883 23.3094 
-5.10104 -7.83772 23.0741 
-5.37402 -8.10105 22.8788 
-5.64721 -8.38772 22.7252 
-5.92277 -8.69628 22.6148 
-6.20245 -9.02496 22.5499 
-6.48768 -9.37156 22.5325 
-6.77951 -9.73342 22.5649 
-7.07862 -10.1073 22.6495 
-7.38528 -10.4895 22.7886 
-7.69935 -10.8755 22.9841 
-8.02024 -11.26 23.238 
-8.34688 -11.6372 23.5513 
-8.6777 -12.0003 23.9246 
-9.01062 -12.3419 24.3577 
-9.343 -12.6539 24.849 
-9.67166 -12.9278 25.3957 
-9.99291 -13.1547 25.9935 
-10.3026 -13.326 26.6362 
-10.596 -13.4331 27.3158 
-10.8683 -13.4686 28.0225 
-11.1143 -13.4264 28.7447 
-11.329 -13.302 29.4693 
-11.5073 -13.0932 30.1821 
-11.6447 -12.8004 30.8679 
-11.7373 -12.4268 31.512 
-11.7817 -11.9784 32.0998 
-11.7761 -11.4641 32.6185 
-11.7192 -10.8947 33.0569 
-11.6115 -10.2833 33.4066 
-11.4543 -9.64397 33.6619 
-11.2505 -8.99111 33.8202 
-11.0039 -8.33898 33.8819 
-10.7193 -7.70086 33.8499 
-10.4022 -7.0885 33.7296 
-10.0586 -6.51181 33.5283 
-9.69492 -5.9786 33.2544 
-9.31744 -5.49453 32.9171 
-8.93235 -5.06318 32.5259 
-8.54548 -4.68629 32.09 
-8.16221 -4.36397 31.6182 
-7.78734 -4.09507 31.1186 
-7.42505 -3.8774 30.5986 
-7.07888 -3.70814 30.0645 
-6.75177 -3.58398 29.5218 
-6.446 -3.50146 28.9754 
-6.16336 -3.45708 28.4291 
-5.90509 -3.44748 27.8863 
-5.67205 -3.46951 27.3498 
-5.46469 -3.52034 26.822 
-5.28319 -3.59749 26.3047 
-5.1275 -3.69883 25.7997 
-4.99736 -3.82261 25.3085 
-4.89241 -3.96743 24.8324 
-4.8122 -4.13226 24.3727 
-4.75625 -4.31635 23.9306 
-4.72406 -4.51925 23.5074 
-4.71514 -4.74078 23.1043 
-4.72905 -4.98097 22.7227 
-4.7654 -5.24001 22.3641 
-4.82387 -5.51825 22.0299 
-4.9042 -5.81614 21.7221 
-5.00621 -6.13418 21.4426 
-5.12977 -6.47286 21.1935 
-5.27481 -6.83263 20.9772 
-5.44133 -7.21382 20.7964 
-5.62932 -7.61658 20.6541 
-5.83878 -8.04077 20.5535 
-6.0697 -8.48591 20.4981 
-6.32198 -8.95104 20.4917 
-6.59542 -9.43462 20.5384 
-6.88966 -9.9344 20.6423 
-7.20413 -10.4473 20.8078 
-7.53795 -10.9691 21.0393 
-7.88989 -11.4947 21.3408 
-8.25827 -12.0175 21.7161 
-8.64091 -12.5297 22.1683 
-9.035 -13.022 22.6996 
-9.43704 -13.4837 23.3108 
-9.84279 -13.9029 24.0006 
-10.2473 -14.2666 24.7661 
-10.6446 -14.5611 25.6012 
-11.0282 -14.7727 26.4971 
-11.391 -14.8884 27.4418 
-11.7251 -14.8963 28.4198 
-12.0225 -14.7873 29.4126 
-12.2754 -14.5553 30.3993 
-12.4761 -14.1984 31.3569 
-12.6178 -13.7194 32.2619 
-12.6948 -13.1264 33.091 
-12.703 -12.4319 33.8231 
-12.6401 -11.6533 34.4402 
-12.5059 -10.8111 34.9285 
-12.3021 -9.92819 35.2794 
-12.0327 -9.02792 35.4895 
-11.7034 -8.13316 35.5607 
-11.3213 -7.26473 35.4995 
-10.895 -6.44047 35.3163 
-10.4335 -5.67463 35.024 
-9.94637 -4.97756 34.6375 
-9.44284 -4.35582 34.172 
-8.93183 -3.81242 33.6425 
-8.42155 -3.34743 33.0633 
-7.91928 -2.95849 32.447 
-7.43131 -2.64149 31.8048 
-6.96288 -2.39109 31.1462 
-6.51818 -2.20129 30.479 
-6.10042 -2.06582 29.8095 
-5.71189 -1.97849 29.1426 
-5.35412 -1.9334 28.4823 
-5.02792 -1.92513 27.8314 
-4.73356 -1.94884 27.1922 
-4.47085 -2.00031 26.5661 
-4.23922 -2.07596 25.9545 
-4.03789 -2.17285 25.3582 
-3.86587 -2.28862 24.7778 
-3.72207 -2.42147 24.2138 
-3.60537 -2.57012 23.6667 
-3.51465 -2.73373 23.137 
-3.44884 -2.91188 22.6251 
-3.40694 -3.10451 22.1314 
-3.38808 -3.31189 21.6565 
-3.39148 -3.53458 21.201 
-3.41651 -3.77337 20.7658 
-3.46271 -4.02927 20.3517 
-3.52974 -4.30347 19.9598 
-3.61743 -4.59734 19.5914 
-3.72574 -4.91233 19.2481 
-3.85481 -5.25002 18.9315 
-4.00489 -5.61202 18.6439 
-4.17638 -5.99996 18.3876 
-4.36979 -6.41544 18.1654 
-4.58573 -6.85993 17.9806 
-4.82487 -7.33475 17.8369 
-5.08795 -7.84093 17.7386 
-5.37571 -8.37907 17.6905 
-5.68885 -8.94927 17.6979 
-6.02798 -9.55086 17.7669 
-6.39354 -10.1823 17.904 
-6.78573 -10.8407 18.1165 
-7.20441 -11.5219 18.4116 
-7.64893 -12.2199 18.7973 
-8.11808 -12.9267 19.281 
-8.60984 -13.6317 19.87 
-9.12129 -14.3218 20.5704 
-9.6484 -14.9812 21.3867 
-10.1859 -15.5913 22.3208 
-10.727 -16.1307 23.3713 
-11.2636 -16.5763 24.5322 
-11.7861 -16.9037 25.7924 
-12.2833 -17.0889 27.1343 
-12.743 -17.1095 28.5343 
-13.1522 -16.9475 29.9619 
-13.4976 -16.5906 31.3815 
-13.7667 -16.0348 32.7532 
-13.9477 -15.2854 34.0358 
-14.0315 -14.358 35.1891 
-14.0114 -13.2779 36.1774 
-13.8844 -12.0788 36.9724 
-13.6512 -10.8002 37.5551 
-13.3163 -9.48424 37.9173 
-12.888 -8.17241 38.0613 
-12.3774 -6.90258 37.9993 
-11.7978 -5.70653 37.751 
-11.1642 -4.60854 37.3413 
-10.4918 -3.62487 36.7979 
-9.79571 -2.7641 36.1486 
-9.08998 -2.02807 35.4199 
-8.38727 -1.41321 34.6356 
-7.69849 -0.911933 33.8159 
-7.03264 -0.514025 32.9774 
-6.39682 -0.207827 32.1332 
-5.79631 0.0188065 31.293 
-5.23475 0.177797 30.464 
-4.71431 0.280353 29.6509 
-4.23595 0.336665 28.8569 
-3.79963 0.355756 28.0838 
-3.40448 0.345431 27.3322 
-3.04908 0.312301 26.6025 
-2.73152 0.261864 25.8942 
-2.44964 0.198598 25.2069 
-2.20107 0.126078 24.5399 
-1.98339 0.0470886 23.8923 
-1.79417 -0.0362635 23.2635 
-1.63104 -0.122448 22.6527 
-1.49172 -0.21042 22.0592 
-1.37409 -0.299535 21.4823 
-1.27618 -0.389484 20.9215 
-1.19618 -0.480232 20.3762 
-1.13248 -0.571968 19.8461 
-1.08363 -0.665067 19.3306 
-1.04838 -0.760055 18.8294 
-1.02564 -0.857589 18.3422 
-1.01449 -0.958435 17.8687 
-1.0142 -1.06346 17.4086 
-1.02417 -1.1736 16.9617 
-1.04397 -1.28992 16.5279 
-1.07329 -1.41352 16.1071 
-1.11198 -1.54563 15.6992 
-1.16003 -1.68754 15.3042 
-1.21754 -1.84066 14.9222 
-1.28476 -2.00652 14.5533 
-1.36204 -2.18675 14.1977 
-1.44988 -2.38312 13.8558 
-1.54892 -2.59756 13.528 
-1.65989 -2.83216 13.215 
-1.78369 -3.08918 12.9175 
-1.92135 -3.37106 12.6366 
-2.07405 -3.68047 12.3736 
-2.2431 -4.02025 12.1299 
-2.43 -4.39349 11.9077 
-2.63638 -4.80346 11.7093 
-2.86405 -5.25365 11.5376 
-3.11498 -5.74768 11.3962 
-3.39133 -6.28932 11.2894 
-3.69537 -6.88236 11.2226 
-4.02956 -7.53051 11.2018 
-4.39643 -8.23724 11.2347 
-4.79859 -9.00555 11.3302 
-5.23868 -9.83765 11.4985 
-5.7192 -10.7346 11.752 
-6.24246 -11.6956 12.1046 
-6.81037 -12.7176 12.5722 
-7.4242 -13.7942 13.1724 
-8.0843 -14.9149 13.9244 
-8.78975 -16.0637 14.848 
-9.53787 -17.2183 15.9628 
-10.3238 -18.3485 17.2866 
-11.1397 -19.4161 18.833 
-11.9747 -20.3738 20.6087 
-12.8139 -21.1668 22.6099 
-13.6383 -21.7343 24.8187 
-14.4248 -22.0139 27.1995 
-15.1467 -21.9471 29.697 
-15.7748 -21.4869 32.2359 
-16.2791 -20.6056 34.7237 
-16.6311 -19.3026 37.0576 
-16.8062 -17.6085 39.1343 
-16.787 -15.5859 40.8614 
-16.5648 -13.3239 42.1693 
-16.1411 -10.9288 43.0193 
-15.5279 -8.51182 43.4074 
-14.7463 -6.17584 43.362 
-13.8241 -4.00565 42.9376 
-12.7938 -2.06166 42.2047 
-11.6889 -0.378346 41.2399 
-10.5421 1.03343 40.1172 
-9.38301 2.18179 38.9023 
-8.23682 3.08816 37.6487 
-7.12399 3.78189 36.3972 
-6.06001 4.29569 35.1765 
-5.05576 4.66237 34.0052 
-4.11804 4.91265 32.8938 
-3.25024 5.07396 31.847 
-2.45301 5.16997 30.8651 
-1.72485 5.22054 29.9462 
-1.0627 5.242 29.0865 
-0.46238 5.24755 28.282 
0.081006 5.24771 27.5282 
0.572778 5.25074 26.821 
1.01845 5.2631 26.1568 
1.42354 5.28973 25.5322 
1.79346 5.33446 24.9449 
2.13343 5.40015 24.3926 
2.44841 5.48901 23.8739 
2.74306 5.60267 23.3879 
3.02173 5.7424 22.9338 
3.28848 5.90912 22.5118 
3.54705 6.10356 22.122 
3.80088 6.32627 21.7653 
4.05314 6.57762 21.4426 
4.3067 6.85789 21.1554 
4.56421 7.16719 20.9056 
4.82805 7.50544 20.6955 
5.10036 7.87238 20.5275 
5.38305 8.26745 20.4048 
5.67775 8.68972 20.3305 
5.98585 9.1378 20.3085 
6.30845 9.60975 20.3428 
6.64631 10.1029 20.4375 
6.99983 10.6137 20.5972 
7.36899 11.1375 20.8264 
7.75328 11.6688 21.1293 
8.15164 12.2004 21.5101 
8.56235 12.7238 21.9722 
8.98299 13.229 22.5178 
9.41034 13.7046 23.148 
9.84034 14.1377 23.8619 
10.268 14.5142 24.6562 
10.6875 14.8194 25.525 
11.092 15.0383 26.4589 
11.4741 15.1567 27.4451 
11.8258 15.1618 28.4673 
12.1385 15.0433 29.5057 
12.4039 14.7947 30.5378 
12.6141 14.4139 31.5389 
12.7617 13.9039 32.4836 
12.8408 13.2733 33.3471 
12.8471 12.5362 34.1068 
12.7782 11.7112 34.7435 
12.634 10.8207 35.2428 
12.4166 9.88949 35.5961 
12.1303 8.94277 35.8003 
11.7815 8.00493 35.8581 
11.3779 7.09802 35.7773 
10.9287 6.24072 35.5696 
10.4437 5.44767 35.2495 
9.93285 4.72925 34.833 
9.40616 4.09167 34.3367 
8.87295 3.53743 33.7767 
8.34175 3.06587 33.1678 
7.82011 2.67388 32.5234 
7.31446 2.35654 31.8549 
6.8301 2.10779 31.1721 
6.37121 1.92095 30.4827 
5.94093 1.78916 29.7929 
5.54144 1.70574 29.1077 
5.17412 1.66438 28.4306 
4.83961 1.65937 27.7644 
4.53801 1.68561 27.111 
4.26894 1.7387 26.4719 
4.03167 1.81496 25.8479 
3.82524 1.91133 25.2398 
3.64849 2.02542 24.6481 
3.50021 2.1554 24.0732 
3.37911 2.29996 23.5152 
3.28397 2.45829 22.9745 
3.21359 2.62996 22.4515 
3.1669 2.81495 21.9463 
3.1429 3.01354 21.4594 
3.14077 3.22631 20.9914 
3.15981 3.4541 20.5428 
3.19948 3.69796 20.1143 
3.25941 3.95915 19.707 
3.33938 4.23907 19.3218 
3.43935 4.53929 18.9601 
3.55943 4.86147 18.6234 
3.69987 5.20739 18.3136 
3.86109 5.57885 18.0328 
4.04363 5.97768 17.7835 
4.24814 6.40567 17.5688 
4.4754 6.86448 17.392 
4.72625 7.35562 17.2571 
5.00158 7.8803 17.1685 
5.30229 8.43929 17.1315 
5.62926 9.03281 17.1518 
5.98324 9.66029 17.236 
6.36483 10.3202 17.3911 
6.77436 11.0096 17.6249 
7.21178 11.7241 17.9455 
7.67653 12.4573 18.3616 
8.1674 13.2006 18.8816 
8.68232 13.9425 19.5134 
9.21823 14.669 20.264 
9.77082 15.3624 21.1384 
10.3344 16.0025 22.1389 
10.9017 16.5656 23.2639 
11.4639 17.0263 24.5069 
12.0104 17.3575 25.8553 
12.5291 17.5328 27.2897 
13.0065 17.528 28.7831 
13.4286 17.3236 30.3017 
13.7808 16.9072 31.8054 
14.0494 16.2755 33.2501 
14.2223 15.4365 34.5902 
14.2895 14.4093 35.7823 
14.2447 13.224 36.7885 
14.0852 11.9197 37.5797 
13.8128 10.5409 38.1381 
13.4335 9.13453 38.4578 
12.9569 7.7456 38.5451 
12.396 6.41413 38.4162 
11.7658 5.17265 38.0955 
11.0829 4.04489 37.6119 
10.3637 3.04555 36.9965 
9.62444 2.18099 36.2799 
8.87972 1.45052 35.4902 
8.14261 0.847975 34.6522 
7.42411 0.363385 33.7864 
6.73307 -0.015549 32.909 
6.07631 -0.302202 32.0327 
5.45869 -0.510063 31.1664 
4.88335 -0.652051 30.3165 
4.35194 -0.740076 29.4869 
3.8649 -0.784795 28.68 
3.42167 -0.795507 27.8968 
3.02092 -0.780162 27.1376 
2.66075 -0.745423 26.4021 
2.33887 -0.696778 25.6896 
2.05274 -0.638667 24.9991 
1.79968 -0.574614 24.3298 
1.57698 -0.507357 23.6805 
1.38193 -0.438974 23.0505 
1.21195 -0.370986 22.4388 
1.06455 -0.304465 21.8445 
0.937399 -0.240111 21.267 
0.828355 -0.178328 20.7055 
0.735435 -0.119287 20.1595 
0.656843 -0.0629757 19.6284 
0.590962 -0.00924075 19.1117 
0.53635 0.0421782 18.6089 
0.491729 0.0916217 18.1195 
0.455981 0.139489 17.6433 
0.428131 0.186224 17.1797 
0.407343 0.232302 16.7285 
0.392906 0.278221 16.2893 
0.384226 0.324501 15.8618 
0.380816 0.371678 15.4458 
0.382285 0.420305 15.0408 
0.388335 0.470954 14.6467 
0.39875 0.524218 14.2632 
0.413395 0.580716 13.8901 
0.432205 0.6411 13.5271 
0.455187 0.706057 13.1741 
0.482415 0.776323 12.8309 
0.514026 0.852686 12.4973 
0.550225 0.935995 12.1731 
0.591281 1.02717 11.8583 
0.637527 1.12723 11.5528 
0.689368 1.23727 11.2565 
0.747278 1.3585 10.9695 
0.811809 1.49227 10.6918 
0.883595 1.64004 10.4236 
0.963354 1.80345 10.165 
1.0519 1.9843 9.9163 
1.15016 2.18459 9.67799 
1.25915 2.40654 9.4506 
1.38004 2.65258 9.23484 
1.51411 2.92542 9.03164 
1.66281 3.22802 8.84218 
1.82772 3.56367 8.66796 
2.01062 3.93594 8.51085 
